  (1, 0)	1.0
  (2, 0)	1.0
  (3, 0)	1.0
  (4, 0)	1.0
  (5, 0)	1.0
  (6, 0)	1.0
  (7, 0)	1.0
  (8, 0)	1.0
  (10, 0)	1.0
  (11, 0)	1.0
  (12, 0)	1.0
  (13, 0)	1.0
  (17, 0)	1.0
  (19, 0)	1.0
  (21, 0)	1.0
  (31, 0)	1.0
  (2, 1)	1.0
  (3, 1)	1.0
  (7, 1)	1.0
  (13, 1)	1.0
  (17, 1)	1.0
  (19, 1)	1.0
  (21, 1)	1.0
  (30, 1)	1.0
  (3, 2)	1.0
  :	:
  (20, 32)	1.0
  (20, 33)	1.0
  (22, 32)	1.0
  (22, 33)	1.0
  (23, 25)	1.0
  (23, 27)	1.0
  (23, 29)	1.0
  (23, 32)	1.0
  (23, 33)	1.0
  (24, 25)	1.0
  (24, 27)	1.0
  (24, 31)	1.0
  (25, 31)	1.0
  (26, 29)	1.0
  (26, 33)	1.0
  (27, 33)	1.0
  (28, 31)	1.0
  (28, 33)	1.0
  (29, 32)	1.0
  (29, 33)	1.0
  (30, 32)	1.0
  (30, 33)	1.0
  (31, 32)	1.0
  (31, 33)	1.0
  (32, 33)	1.0